All statistics are based on contigs of size >= 5000 bp, unless otherwise noted (e.g., "# contigs (>= 0 bp)" and "Total length (>= 0 bp)" include all contigs).

Assembly                     r10_1bin_v4_1_MP  r10_1bin_v4_1_MP_helen  r10_1bin_v4_1_r1_medaka  r10_1bin_v4_1_r2_medaka  r10_1bin_v4_1_racon_r1  r10_1bin_v4_1_racon_r2  r10_1bin_v4_1_raw  r10_1bin_v4_2_MP  r10_1bin_v4_2_MP_helen  r10_1bin_v4_2_r1_medaka  r10_1bin_v4_2_r2_medaka  r10_1bin_v4_2_racon_r1  r10_1bin_v4_2_racon_r2  r10_1bin_v4_2_raw  r10_1bin_v4_3_MP  r10_1bin_v4_3_MP_helen  r10_1bin_v4_3_r1_medaka  r10_1bin_v4_3_r2_medaka  r10_1bin_v4_3_racon_r1  r10_1bin_v4_3_racon_r2  r10_1bin_v4_3_raw
# contigs (>= 5000 bp)       7                 7                       7                        7                        7                       7                       7                  7                 7                       7                        7                        7                       7                       7                  7                 7                       7                        7                        7                       7                       7                
# contigs (>= 10000 bp)      7                 7                       7                        7                        7                       7                       7                  7                 7                       7                        7                        7                       7                       7                  7                 7                       7                        7                        7                       7                       7                
# contigs (>= 25000 bp)      7                 7                       7                        7                        7                       7                       7                  7                 7                       7                        7                        7                       7                       7                  7                 7                       7                        7                        7                       7                       7                
# contigs (>= 50000 bp)      7                 7                       7                        7                        7                       7                       7                  7                 7                       7                        7                        7                       7                       7                  7                 7                       7                        7                        7                       7                       7                
Total length (>= 5000 bp)    24074239          24070847                24075790                 24065267                 24060416                24054361                24061513           24074830          24070579                24075879                 24065198                 24060552                24053082                24061431           24074372          24070528                24075072                 24062757                 24061106                24053558                24060936         
Total length (>= 10000 bp)   24074239          24070847                24075790                 24065267                 24060416                24054361                24061513           24074830          24070579                24075879                 24065198                 24060552                24053082                24061431           24074372          24070528                24075072                 24062757                 24061106                24053558                24060936         
Total length (>= 25000 bp)   24074239          24070847                24075790                 24065267                 24060416                24054361                24061513           24074830          24070579                24075879                 24065198                 24060552                24053082                24061431           24074372          24070528                24075072                 24062757                 24061106                24053558                24060936         
Total length (>= 50000 bp)   24074239          24070847                24075790                 24065267                 24060416                24054361                24061513           24074830          24070579                24075879                 24065198                 24060552                24053082                24061431           24074372          24070528                24075072                 24062757                 24061106                24053558                24060936         
# contigs                    7                 7                       7                        7                        7                       7                       7                  7                 7                       7                        7                        7                       7                       7                  7                 7                       7                        7                        7                       7                       7                
Largest contig               4765380           4765358                 4765659                  4765647                  4764472                 4764668                 4763504            4765857           4765290                 4765665                  4765638                  4764540                 4764597                 4763606            4765360           4765338                 4765695                  4765649                  4764493                 4764872                 4763509          
Total length                 24074239          24070847                24075790                 24065267                 24060416                24054361                24061513           24074830          24070579                24075879                 24065198                 24060552                24053082                24061431           24074372          24070528                24075072                 24062757                 24061106                24053558                24060936         
Reference length             2820294           2820294                 2820294                  2820294                  2820294                 2820294                 2820294            2820294           2820294                 2820294                  2820294                  2820294                 2820294                 2820294            2820294           2820294                 2820294                  2820294                  2820294                 2820294                 2820294          
GC (%)                       44.80             44.80                   44.80                    44.79                    44.79                   44.78                   44.77              44.80             44.80                   44.80                    44.79                    44.79                   44.78                   44.77              44.80             44.80                   44.80                    44.79                    44.78                   44.78                   44.77            
Reference GC (%)             37.44             37.44                   37.44                    37.44                    37.44                   37.44                   37.44              37.44             37.44                   37.44                    37.44                    37.44                   37.44                   37.44              37.44             37.44                   37.44                    37.44                    37.44                   37.44                   37.44            
N50                          4045594           4045614                 4045830                  4045830                  4045233                 4045289                 4042947            4045599           4045618                 4045837                  4045836                  4045198                 4045283                 4042978            4045594           4045616                 4045840                  4045837                  4045212                 4045325                 4042951          
NG50                         4765380           4765358                 4765659                  4765647                  4764472                 4764668                 4763504            4765857           4765290                 4765665                  4765638                  4764540                 4764597                 4763606            4765360           4765338                 4765695                  4765649                  4764493                 4764872                 4763509          
N75                          2845424           2845373                 2845569                  2845565                  2845263                 2845303                 2843857            2845424           2845368                 2845573                  2845566                  2845303                 2845324                 2843857            2845425           2845368                 2845568                  2845560                  2845287                 2845313                 2843857          
NG75                         4765380           4765358                 4765659                  4765647                  4764472                 4764668                 4763504            4765857           4765290                 4765665                  4765638                  4764540                 4764597                 4763606            4765360           4765338                 4765695                  4765649                  4764493                 4764872                 4763509          
L50                          3                 3                       3                        3                        3                       3                       3                  3                 3                       3                        3                        3                       3                       3                  3                 3                       3                        3                        3                       3                       3                
LG50                         1                 1                       1                        1                        1                       1                       1                  1                 1                       1                        1                        1                       1                       1                  1                 1                       1                        1                        1                       1                       1                
L75                          5                 5                       5                        5                        5                       5                       5                  5                 5                       5                        5                        5                       5                       5                  5                 5                       5                        5                        5                       5                       5                
LG75                         1                 1                       1                        1                        1                       1                       1                  1                 1                       1                        1                        1                       1                       1                  1                 1                       1                        1                        1                       1                       1                
# misassemblies              1                 1                       1                        1                        1                       1                       1                  1                 1                       1                        1                        1                       1                       1                  1                 1                       1                        1                        1                       1                       1                
# misassembled contigs       1                 1                       1                        1                        1                       1                       1                  1                 1                       1                        1                        1                       1                       1                  1                 1                       1                        1                        1                       1                       1                
Misassembled contigs length  2845424           2845373                 2845569                  2845565                  2845263                 2845303                 2843857            2845424           2845368                 2845573                  2845566                  2845303                 2845324                 2843857            2845425           2845368                 2845568                  2845560                  2845287                 2845313                 2843857          
# local misassemblies        16                16                      16                       16                       16                      16                      20                 16                16                      16                       16                       16                      16                      20                 16                16                      16                       16                       16                      16                      20               
# scaffold gap ext. mis.     0                 0                       0                        0                        0                       0                       0                  0                 0                       0                        0                        0                       0                       0                  0                 0                       0                        0                        0                       0                       0                
# scaffold gap loc. mis.     0                 0                       0                        0                        0                       0                       0                  0                 0                       0                        0                        0                       0                       0                  0                 0                       0                        0                        0                       0                       0                
# unaligned mis. contigs     6                 6                       6                        6                        6                       6                       6                  6                 6                       6                        6                        6                       6                       6                  6                 6                       5                        6                        5                       6                       6                
# unaligned contigs          0 + 6 part        0 + 6 part              0 + 6 part               0 + 6 part               0 + 6 part              0 + 6 part              0 + 7 part         0 + 6 part        0 + 6 part              0 + 6 part               0 + 6 part               0 + 6 part              0 + 6 part              0 + 7 part         0 + 6 part        0 + 6 part              0 + 6 part               0 + 6 part               0 + 6 part              0 + 6 part              0 + 7 part       
Unaligned length             21096644          21093803                21097770                 21088186                 21088322                21078268                21152484           21097744          21093393                21097618                 21087627                 21087037                21077720                21152048           21097245          21092484                21097723                 21086783                 21087781                21077271                21149899         
Genome fraction (%)          99.954            99.954                  99.954                   99.954                   99.954                  99.954                  99.949             99.954            99.954                  99.954                   99.954                   99.954                  99.954                  99.949             99.954            99.954                  99.954                   99.954                   99.954                  99.954                  99.949           
Duplication ratio            1.056             1.056                   1.057                    1.056                    1.055                   1.056                   1.032              1.056             1.056                   1.057                    1.056                    1.055                   1.056                   1.032              1.056             1.057                   1.056                    1.056                    1.055                   1.056                   1.033            
# N's per 100 kbp            0.00              0.04                    0.00                     0.00                     0.00                    0.00                    0.00               0.00              0.00                    0.00                     0.00                     0.00                    0.00                    0.00               0.00              0.00                    0.00                     0.00                     0.00                    0.00                    0.00             
# mismatches per 100 kbp     249.57            247.58                  250.42                   248.79                   229.77                  244.46                  148.32             248.15            249.54                  251.77                   250.10                   234.78                  242.58                  148.78             248.40            251.38                  248.93                   244.71                   236.05                  245.21                  152.97           
# indels per 100 kbp         15.29             14.90                   19.48                    18.77                    22.07                   20.54                   125.89             15.29             15.58                   20.22                    19.09                    21.11                   22.89                   125.40             15.65             15.75                   19.59                    18.91                    23.42                   21.89                   125.61           
Largest alignment            2560117           2560082                 2560238                  2560235                  2559977                 2560017                 2556100            2560120           2560017                 2560247                  2560240                  2560005                 2560018                 2556103            2390859           2390838                 2390971                  2390963                  2390760                 2390767                 2387805          
Total aligned length         2972166           2971621                 2972591                  2971652                  2966665                 2970668                 2907298            2971657           2971708                 2972832                  2972142                  2968087                 2969934                 2907652            2971698           2972639                 2971919                  2970545                  2967907                 2970859                 2909306          
NGA50                        2560117           2560082                 2560238                  2560235                  2559977                 2560017                 2556100            2560120           2560017                 2560247                  2560240                  2560005                 2560018                 2556103            2390859           2390838                 2390971                  2390963                  2390760                 2390767                 2387805          
NGA75                        2560117           2560082                 2560238                  2560235                  2559977                 2560017                 2556100            2560120           2560017                 2560247                  2560240                  2560005                 2560018                 2556103            2390859           2390838                 2390971                  2390963                  2390760                 2390767                 2387805          
LGA50                        1                 1                       1                        1                        1                       1                       1                  1                 1                       1                        1                        1                       1                       1                  1                 1                       1                        1                        1                       1                       1                
LGA75                        1                 1                       1                        1                        1                       1                       1                  1                 1                       1                        1                        1                       1                       1                  1                 1                       1                        1                        1                       1                       1                
