All statistics are based on contigs of size >= 5000 bp, unless otherwise noted (e.g., "# contigs (>= 0 bp)" and "Total length (>= 0 bp)" include all contigs).

Assembly                     r10_8bins_1_MP  r10_8bins_1_MP_helen  r10_8bins_1_r1_medaka  r10_8bins_1_r2_medaka  r10_8bins_1_racon_r1  r10_8bins_1_racon_r2  r10_8bins_1_raw  r10_8bins_2_MP  r10_8bins_2_MP_helen  r10_8bins_2_r1_medaka  r10_8bins_2_r2_medaka  r10_8bins_2_racon_r1  r10_8bins_2_racon_r2  r10_8bins_2_raw  r10_8bins_3_MP  r10_8bins_3_MP_helen  r10_8bins_3_r1_medaka  r10_8bins_3_r2_medaka  r10_8bins_3_racon_r1  r10_8bins_3_racon_r2  r10_8bins_3_raw
# contigs (>= 5000 bp)       7               7                     7                      7                      7                     7                     7                7               7                     7                      7                      7                     7                     7                7               7                     7                      7                      7                     7                     7              
# contigs (>= 10000 bp)      7               7                     7                      7                      7                     7                     7                7               7                     7                      7                      7                     7                     7                7               7                     7                      7                      7                     7                     7              
# contigs (>= 25000 bp)      7               7                     7                      7                      7                     7                     7                7               7                     7                      7                      7                     7                     7                7               7                     7                      7                      7                     7                     7              
# contigs (>= 50000 bp)      7               7                     7                      7                      7                     7                     7                7               7                     7                      7                      7                     7                     7                7               7                     7                      7                      7                     7                     7              
Total length (>= 5000 bp)    24074745        24070729              24072155               24064354               24061185              24054036              24061588         24074631        24069339              24071923               24062244               24061038              24054829              24060476         24074724        24069480              24072032               24064645               24060108              24055808              24060952       
Total length (>= 10000 bp)   24074745        24070729              24072155               24064354               24061185              24054036              24061588         24074631        24069339              24071923               24062244               24061038              24054829              24060476         24074724        24069480              24072032               24064645               24060108              24055808              24060952       
Total length (>= 25000 bp)   24074745        24070729              24072155               24064354               24061185              24054036              24061588         24074631        24069339              24071923               24062244               24061038              24054829              24060476         24074724        24069480              24072032               24064645               24060108              24055808              24060952       
Total length (>= 50000 bp)   24074745        24070729              24072155               24064354               24061185              24054036              24061588         24074631        24069339              24071923               24062244               24061038              24054829              24060476         24074724        24069480              24072032               24064645               24060108              24055808              24060952       
# contigs                    7               7                     7                      7                      7                     7                     7                7               7                     7                      7                      7                     7                     7                7               7                     7                      7                      7                     7                     7              
Largest contig               4765396         4765339               4765361                4765365                4764689               4764726               4763575          4765403         4765334               4765359                4765364                4764683               4764682               4763493          4765471         4765411               4765372                4765365                4764770               4764744               4763941        
Total length                 24074745        24070729              24072155               24064354               24061185              24054036              24061588         24074631        24069339              24071923               24062244               24061038              24054829              24060476         24074724        24069480              24072032               24064645               24060108              24055808              24060952       
Reference length             2820294         2820294               2820294                2820294                2820294               2820294               2820294          2820294         2820294               2820294                2820294                2820294               2820294               2820294          2820294         2820294               2820294                2820294                2820294               2820294               2820294        
GC (%)                       44.80           44.80                 44.80                  44.80                  44.79                 44.79                 44.77            44.80           44.80                 44.80                  44.80                  44.79                 44.79                 44.77            44.80           44.80                 44.80                  44.80                  44.79                 44.79                 44.77          
Reference GC (%)             37.44           37.44                 37.44                  37.44                  37.44                 37.44                 37.44            37.44           37.44                 37.44                  37.44                  37.44                 37.44                 37.44            37.44           37.44                 37.44                  37.44                  37.44                 37.44                 37.44          
N50                          4045595         4045615               4045602                4045598                4045293               4045319               4043044          4045596         4045616               4045587                4045593                4045258               4045323               4042479          4045596         4045613               4045582                4045587                4045248               4045358               4043002        
NG50                         4765396         4765339               4765361                4765365                4764689               4764726               4763575          4765403         4765334               4765359                4765364                4764683               4764682               4763493          4765471         4765411               4765372                4765365                4764770               4764744               4763941        
N75                          2845436         2845374               2845428                2845430                2845286               2845307               2843860          2845427         2845364               2845435                2845433                2845287               2845362               2843855          2845427         2845365               2845437                2845434                2845286               2845324               2843844        
NG75                         4765396         4765339               4765361                4765365                4764689               4764726               4763575          4765403         4765334               4765359                4765364                4764683               4764682               4763493          4765471         4765411               4765372                4765365                4764770               4764744               4763941        
L50                          3               3                     3                      3                      3                     3                     3                3               3                     3                      3                      3                     3                     3                3               3                     3                      3                      3                     3                     3              
LG50                         1               1                     1                      1                      1                     1                     1                1               1                     1                      1                      1                     1                     1                1               1                     1                      1                      1                     1                     1              
L75                          5               5                     5                      5                      5                     5                     5                5               5                     5                      5                      5                     5                     5                5               5                     5                      5                      5                     5                     5              
LG75                         1               1                     1                      1                      1                     1                     1                1               1                     1                      1                      1                     1                     1                1               1                     1                      1                      1                     1                     1              
# misassemblies              1               1                     1                      1                      1                     1                     1                1               1                     1                      1                      1                     1                     1                1               1                     1                      1                      1                     1                     1              
# misassembled contigs       1               1                     1                      1                      1                     1                     1                1               1                     1                      1                      1                     1                     1                1               1                     1                      1                      1                     1                     1              
Misassembled contigs length  2845436         2845374               2845428                2845430                2845286               2845307               2843860          2845427         2845364               2845435                2845433                2845287               2845362               2843855          2845427         2845365               2845437                2845434                2845286               2845324               2843844        
# local misassemblies        16              16                    16                     16                     16                    16                    19               16              16                    16                     16                     16                    16                    20               16              16                    16                     16                     16                    16                    20             
# scaffold gap ext. mis.     0               0                     0                      0                      0                     0                     0                0               0                     0                      0                      0                     0                     0                0               0                     0                      0                      0                     0                     0              
# scaffold gap loc. mis.     0               0                     0                      0                      0                     0                     0                0               0                     0                      0                      0                     0                     0                0               0                     0                      0                      0                     0                     0              
# unaligned mis. contigs     6               6                     6                      6                      6                     6                     6                6               6                     6                      6                      5                     6                     6                6               6                     6                      6                      6                     6                     6              
# unaligned contigs          0 + 6 part      0 + 6 part            0 + 6 part             0 + 6 part             0 + 6 part            0 + 6 part            0 + 7 part       0 + 6 part      0 + 6 part            0 + 6 part             0 + 6 part             0 + 6 part            0 + 6 part            0 + 7 part       0 + 6 part      0 + 6 part            0 + 6 part             0 + 6 part             0 + 6 part            0 + 6 part            0 + 7 part     
Unaligned length             21097894        21092211              21094007               21085751               21086456              21077999              21153624         21098121        21090238              21095079               21084838               21086483              21080326              21149376         21097603        21091560              21093542               21087873               21087452              21081144              21153872       
Genome fraction (%)          99.954          99.954                99.954                 99.954                 99.954                99.954                99.953           99.954          99.954                99.954                 99.954                 99.954                99.954                99.949           99.954          99.954                99.954                 99.954                 99.954                99.954                99.948         
Duplication ratio            1.056           1.057                 1.057                  1.057                  1.055                 1.056                 1.032            1.056           1.057                 1.056                  1.056                  1.055                 1.055                 1.033            1.056           1.057                 1.057                  1.056                  1.055                 1.055                 1.032          
# N's per 100 kbp            0.00            0.00                  0.00                   0.00                   0.00                  0.00                  0.00             0.00            0.00                  0.00                   0.00                   0.00                  0.00                  0.00             0.00            0.00                  0.00                   0.00                   0.00                  0.00                  0.00           
# mismatches per 100 kbp     247.87          252.98                250.92                 252.69                 239.18                244.43                147.96           246.66          253.97                246.87                 248.54                 240.42                240.31                152.79           248.61          250.88                251.06                 247.02                 231.90                240.03                145.41         
# indels per 100 kbp         15.82           15.54                 14.41                  14.16                  22.46                 21.71                 127.87           15.61           15.72                 14.05                  14.12                  22.89                 22.07                 125.32           15.58           15.86                 14.44                  13.87                  21.11                 21.18                 126.71         
Largest alignment            2390867         2390844               2390856                2390859                2390744               2390769               2387857          2594074         2594004               2594080                2594078                2593963               2594017               2589973          2594074         2594005               2594081                2594079                2593963               2593988               2589893        
Total aligned length         2971422         2973039               2972719                2973174                2969302               2970609               2906233          2971134         2973718               2971468                2972030                2969179               2969121               2909414          2971745         2972537               2973114                2971396                2967280               2969289               2905394        
NGA50                        2390867         2390844               2390856                2390859                2390744               2390769               2387857          2594074         2594004               2594080                2594078                2593963               2594017               2589973          2594074         2594005               2594081                2594079                2593963               2593988               2589893        
NGA75                        2390867         2390844               2390856                2390859                2390744               2390769               2387857          2594074         2594004               2594080                2594078                2593963               2594017               2589973          2594074         2594005               2594081                2594079                2593963               2593988               2589893        
LGA50                        1               1                     1                      1                      1                     1                     1                1               1                     1                      1                      1                     1                     1                1               1                     1                      1                      1                     1                     1              
LGA75                        1               1                     1                      1                      1                     1                     1                1               1                     1                      1                      1                     1                     1                1               1                     1                      1                      1                     1                     1              
